%YAML:1.0
R: !!opencv-matrix
   rows: 3
   cols: 3
   dt: d
   data: [0.9994824721636005, -0.00027355688994846447, -0.032166955161557736, 0.00030312915886968424, 0.9999995359341701, 0.0009144638634322069, 0.03216669007608254, -0.0009237413449890203, 0.9994820912610075]
T: !!opencv-matrix
   rows: 3
   cols: 1
   dt: d
   data: [-0.46582595639616126, -0.001631977683341247, -0.0009623958471697996]
R1: !!opencv-matrix
   rows: 3
   cols: 3
   dt: d
   data: [0.9995417232106595, 0.003227912837121446, -0.0300985737167282, -0.003213232744504302, 0.9999946938578694, 0.0005360890183786829, 0.03010014445804239, -0.0004391296185950722, 0.9995467915354354]
R2: !!opencv-matrix
   rows: 3
   cols: 3
   dt: d
   data: [0.9999917289986313, 0.003503377522964586, 0.002065981669714303, -0.003502369596947691, 0.9999937460039977, -0.0004912841321297013, -0.002067689902859092, 0.0004840442373301131, 0.9999977451772789]
P1: !!opencv-matrix
   rows: 3
   cols: 4
   dt: d
   data: [247.0697210588852, 0, 163.1803512573242, 0, 0, 247.0697210588852, 116.9485454559326, 0, 0, 0, 1, 0]
P2: !!opencv-matrix
   rows: 3
   cols: 4
   dt: d
   data: [247.0697210588852, 0, 163.1803512573242, -115.0924410385253, 0, 247.0697210588852, 116.9485454559326, 0, 0, 0, 1, 0]
Q: !!opencv-matrix
   rows: 4
   cols: 4
   dt: d
   data: [1, 0, 0, -163.1803512573242, 0, 1, 0, -116.9485454559326, 0, 0, 0, 247.0697210588852, 0, 0, 2.146706758753883, -0]
