%YAML:1.0
M1: !!opencv-matrix
   rows: 3
   cols: 3
   dt: d
   data: [247.357576, 0.000000, 153.295063, 0.000000, 247.390025, 116.893925, 0.000000, 0.000000, 1.000000]
D1: !!opencv-matrix
   rows: 1
   cols: 8
   dt: d
   data: [-0.001981, -0.021477, 0.000684, -0.001088, 0.000000, 0.000000, 0.000000, 0.000000]
M2: !!opencv-matrix
   rows: 3
   cols: 3
   dt: d
   data: [248.978942, 0.000000, 161.850381, 0.000000, 248.680359, 117.079510, 0.000000, 0.000000, 1.000000]
D2: !!opencv-matrix
   rows: 1
   cols: 8
   dt: d
   data: [-0.008236, 0.011942, -0.000814, 0.005685, 0.000000, 0.000000, 0.000000, 0.000000]
